60952
0 1 0.31030532717704773
0 2 1.0
0 3 0.43209806084632874
0 4 0.3105759918689728
0 5 0.13003140687942505
0 6 0.619674026966095
0 8 0.15264546871185303
0 57 0.11851734668016434
0 60 0.18011021614074707
0 61 0.14164377748966217
0 63 0.1933472454547882
0 204 0.5638905763626099
0 205 0.38115277886390686
0 208 0.19248850643634796
0 211 0.5744783282279968
0 229 0.10124418139457703
1 0 0.31030532717704773
1 3 1.0
1 4 0.4979521632194519
1 5 0.8643814921379089
1 6 0.24434758722782135
1 8 0.22916074097156525
1 141 0.11422896385192871
1 203 0.09732438623905182
1 205 0.06890261173248291
1 207 0.2712414860725403
1 208 0.07389626652002335
1 209 0.14497750997543335
1 211 0.17565478384494781
1 227 0.1440328061580658
1 228 0.09641564637422562
1 229 0.9874117374420166
1 230 0.6282139420509338
1 232 0.2402346432209015
1 2998 0.2327643483877182
2 0 1.0
2 3 0.14960893988609314
2 4 0.0016670352779328823
2 5 0.09332109987735748
2 6 0.27712592482566833
2 10 0.12470223754644394
2 57 0.22233988344669342
2 59 0.11858585476875305
2 60 0.34690678119659424
2 61 0.06455710530281067
2 62 0.7748751640319824
2 63 0.5194910764694214
2 64 0.03375779837369919
2 65 0.29861536622047424
2 66 0.2992897927761078
2 197 0.07726744562387466
2 204 0.20770421624183655
2 211 1.0
2 212 0.17248843610286713
2 213 0.05971018970012665
3 0 0.43209806084632874
3 1 1.0
3 2 0.14960893988609314
3 4 0.24179677665233612
3 5 1.0
3 6 0.7592847943305969
3 8 0.4316178858280182
3 9 0.13576307892799377
3 201 0.08485715836286545
3 202 0.1870345175266266
3 205 0.20492680370807648
3 207 0.26014211773872375
3 208 0.09520126134157181
3 209 0.10535867512226105
3 211 0.8119673728942871
3 227 0.07633982598781586
3 229 0.49933862686157227
3 230 0.14887848496437073
3 232 0.165802001953125
3 2998 0.2112538069486618
4 0 0.3105759918689728
4 1 0.4979521632194519
4 2 0.0016670352779328823
4 3 0.24179677665233612
4 5 0.7204185724258423
4 6 0.9535120129585266
4 8 0.9132922887802124
4 9 0.04522770643234253
4 10 0.1437566578388214
4 206 0.053696051239967346
4 211 0.10851448029279709
4 225 0.1291949301958084
4 227 0.4198751747608185
4 228 0.0008669535163789988
4 229 0.26901763677597046
4 230 1.0
4 232 0.5707702040672302
5 0 0.13003140687942505
5 1 0.8643814921379089
5 2 0.09332109987735748
5 3 1.0
5 4 0.7204185724258423
5 6 0.8770269155502319
5 7 0.3113501965999603
5 8 0.44351837038993835
5 9 0.16063088178634644
5 10 0.00505905132740736
5 201 0.1772971749305725
5 211 0.6217889785766602
5 227 0.05134274810552597
5 229 0.3329150676727295
5 230 0.7508813738822937
5 232 0.43313759565353394
5 275 0.269635945558548
5 2998 0.053990188986063004
6 0 0.619674026966095
6 1 0.24434758722782135
6 2 0.27712592482566833
6 3 0.7592847943305969
6 4 0.9535120129585266
6 5 0.8770269155502319
6 7 0.04361467435956001
6 8 1.0
6 9 0.19355039298534393
6 10 0.5925487875938416
6 141 0.041028253734111786
6 201 0.20488715171813965
6 205 0.8879263401031494
6 211 0.2183474451303482
6 227 0.1687718629837036
6 229 0.15642060339450836
6 230 0.3544856905937195
6 232 0.36016029119491577
7 5 0.3113501965999603
7 6 0.04361467435956001
7 8 0.04519812390208244
7 9 0.2964208722114563
7 10 0.05443672463297844
7 51 0.41890957951545715
7 53 0.16653268039226532
7 55 0.6061685681343079
7 70 0.16054874658584595
7 71 0.056939657777547836
7 201 1.0
7 232 0.13763070106506348
7 272 0.6701360940933228
7 275 0.9116431474685669
7 701 0.24001844227313995
8 0 0.15264546871185303
8 1 0.22916074097156525
8 3 0.4316178858280182
8 4 0.9132922887802124
8 5 0.44351837038993835
8 6 1.0
8 7 0.04519812390208244
8 9 0.7363778948783875
8 10 1.0
8 141 0.06357300281524658
8 200 0.17459167540073395
8 201 0.23488256335258484
8 204 0.11100985109806061
8 205 1.0
8 206 0.16220542788505554
8 207 0.04556689038872719
8 225 0.16138096153736115
8 227 0.8123168349266052
8 228 0.11878030747175217
8 229 0.31013843417167664
8 230 0.362108439207077
8 232 0.49901294708251953
8 275 0.18539391458034515
9 3 0.13576307892799377
9 4 0.04522770643234253
9 5 0.16063088178634644
9 6 0.19355039298534393
9 7 0.2964208722114563
9 8 0.7363778948783875
9 10 0.7409912347793579
9 53 0.12117035686969757
9 55 0.10512416809797287
9 71 0.048853907734155655
9 199 0.12004025280475616
9 200 0.9999999403953552
9 201 0.9999999403953552
9 202 0.16767843067646027
9 206 0.07344291359186172
9 209 0.07226552814245224
9 227 0.3849552571773529
9 228 0.11913244426250458
9 229 0.04975172132253647
9 230 0.08292517066001892
9 232 0.1914444863796234
9 275 0.2632332146167755
10 2 0.12470223754644394
10 4 0.1437566578388214
10 5 0.00505905132740736
10 6 0.5925487875938416
10 7 0.05443672463297844
10 8 1.0
10 9 0.7409912347793579
10 44 0.244021475315094
10 45 0.07415584474802017
10 47 0.10387276113033295
10 48 0.16287975013256073
10 49 0.36064743995666504
10 54 0.13573598861694336
10 141 0.1945381462574005
10 198 0.07640992850065231
10 199 0.11101435124874115
10 200 0.17413823306560516
10 201 0.11814198642969131
10 204 0.2246522307395935
10 205 0.012639339081943035
10 206 0.22678174078464508
10 208 0.08973110467195511
10 209 0.07159717381000519
10 225 0.3524852395057678
10 227 0.8399120569229126
10 228 0.1832323968410492
10 230 0.009541533887386322
10 232 0.26933586597442627
10 2943 0.10245703905820847
11 12 1.0
11 13 0.26891493797302246
11 14 0.44928744435310364
11 15 0.8681725263595581
11 16 0.21724535524845123
11 17 0.38300830125808716
11 110 0.12512421607971191
11 112 0.2821172773838043
11 116 0.38626259565353394
11 118 0.26744312047958374
11 120 0.1496843844652176
11 121 0.39052754640579224
11 122 1.0
11 123 0.406419962644577
11 125 0.189896360039711
11 126 0.17450349032878876
11 262 0.17846857011318207
11 263 0.5053205490112305
11 264 0.21163953840732574
11 266 0.027934333309531212
11 274 0.5537141561508179
11 277 0.3135216534137726
11 279 0.11105369031429291
12 11 1.0
12 13 0.03660671040415764
12 14 0.2686489522457123
12 15 0.8032200932502747
12 17 0.10040687024593353
12 24 0.05077214166522026
12 116 0.04390407353639603
12 118 0.5450814366340637
12 122 0.3732914328575134
12 123 0.04637203365564346
12 264 0.04244539514183998
12 274 0.3400518596172333
12 277 0.3015688359737396
12 315 0.06574776768684387
12 768 0.15567432343959808
13 11 0.26891493797302246
13 12 0.03660671040415764
13 14 0.23316237330436707
13 15 0.2721245586872101
13 16 1.0
13 17 0.7006165385246277
13 110 0.15841156244277954
13 112 0.48327940702438354
13 114 0.0802244246006012
13 116 1.0
13 120 0.4180682599544525
13 121 0.20616470277309418
13 122 0.16993099451065063
13 123 0.8660372495651245
13 262 0.2407684028148651
13 263 0.08692602813243866
13 264 0.7362321615219116
13 266 0.08547151833772659
13 274 0.2572711408138275
13 277 0.25623083114624023
14 11 0.44928744435310364
14 12 0.2686489522457123
14 13 0.23316237330436707
14 15 1.0
14 16 0.38519203662872314
14 17 0.36502841114997864
14 112 0.20879913866519928
14 116 0.14331358671188354
14 120 0.29762786626815796
14 121 0.34338727593421936
14 122 0.5308039784431458
14 123 0.22697670757770538
14 263 0.09049354493618011
14 264 0.15827591717243195
14 274 0.2867027819156647
14 279 0.11193915456533432
15 11 0.8681725263595581
15 12 0.8032200932502747
15 13 0.2721245586872101
15 14 1.0
15 16 0.36832720041275024
15 17 0.510374128818512
15 112 0.33187347650527954
15 116 0.21365922689437866
15 118 0.14964787662029266
15 120 0.45840537548065186
15 121 0.5585694313049316
15 122 0.9999999403953552
15 123 0.3405507206916809
15 125 0.13349595665931702
15 263 0.2112055867910385
15 264 0.1563694179058075
15 266 0.05382952466607094
15 274 0.3745299279689789
15 277 0.17368623614311218
15 279 0.13203024864196777
16 11 0.21724535524845123
16 13 1.0
16 14 0.38519203662872314
16 15 0.36832720041275024
16 17 0.5074725151062012
16 112 0.19371476769447327
16 116 0.4547581672668457
16 120 0.5745987296104431
16 121 0.22584950923919678
16 122 0.12362322956323624
16 123 0.5833991169929504
16 263 0.08285793662071228
16 264 0.3291470408439636
16 274 0.26231849193573
16 277 0.28054240345954895
17 11 0.38300830125808716
17 12 0.10040687024593353
17 13 0.7006165385246277
17 14 0.36502841114997864
17 15 0.510374128818512
17 16 0.5074725151062012
17 110 0.03911145403981209
17 112 0.7904730439186096
17 116 0.43153801560401917
17 120 0.05337904766201973
17 121 0.1723310351371765
17 122 0.30540329217910767
17 123 0.9999999403953552
17 262 0.14605680108070374
17 264 0.5969964265823364
17 266 1.0
17 272 0.0922122374176979
17 274 0.32541483640670776
17 277 0.2721148729324341
18 118 0.14004214107990265
18 125 0.7648271918296814
18 132 0.4085948169231415
18 277 0.03387536481022835
18 792 0.7142949104309082
18 921 0.19990788400173187
18 934 0.09158015996217728
18 1001 0.4862401783466339
18 1003 1.0
18 1086 0.2627199590206146
18 1125 0.14162656664848328
18 1130 0.04570506140589714
18 1150 0.049978986382484436
18 1194 0.04941035434603691
19 21 0.18612584471702576
19 30 1.0
19 130 0.26240646839141846
19 132 0.32391002774238586
19 134 0.5079471468925476
19 135 1.0
19 136 0.06937047094106674
19 137 0.729411244392395
19 249 0.14353014528751373
19 257 0.17670083045959473
19 276 0.39495813846588135
19 278 0.23679882287979126
19 283 0.6939542293548584
19 284 0.08564121276140213
19 285 0.2513376474380493
19 286 0.09870429337024689
19 785 1.0
19 934 1.0
19 1300 0.1768476366996765
20 21 0.6998041868209839
20 26 0.14999018609523773
20 28 0.18210655450820923
20 29 0.23707585036754608
20 32 0.2860855758190155
20 33 0.09760688245296478
20 34 0.37899139523506165
20 35 0.14642460644245148
20 37 0.13517510890960693
20 40 0.06551200896501541
20 130 0.11588636785745621
20 269 0.9999999403953552
20 278 0.25117185711860657
20 281 1.0
20 284 0.156516432762146
20 285 0.3875446319580078
20 286 0.5363298654556274
21 19 0.18612584471702576
21 20 0.6998041868209839
21 23 0.2646467685699463
21 29 0.22993136942386627
21 33 0.14916299283504486
21 34 0.16587388515472412
21 37 0.1680523008108139
21 130 1.0
21 132 0.12049964815378189
21 134 0.2061256319284439
21 136 0.49630099534988403
21 137 0.061011359095573425
21 242 0.1036616787314415
21 251 0.10812407732009888
21 269 0.5762250423431396
21 278 1.0
21 281 0.6539509296417236
21 283 0.16575178503990173
21 284 0.5733044743537903
21 285 0.4395574629306793
21 286 0.11143652349710464
21 288 0.11368104815483093
22 23 0.10864878445863724
22 25 0.5898151993751526
22 31 0.1939934343099594
22 35 0.1346854269504547
22 38 0.6683865785598755
22 91 0.07272695749998093
22 93 1.0
22 94 0.34451889991760254
22 96 0.25710389018058777
22 219 0.27345943450927734
22 222 0.19591370224952698
22 226 0.3531268537044525
22 235 0.04451773315668106
22 236 0.03885823115706444
22 242 0.1363988071680069
22 244 0.9991413950920105
22 246 0.24939942359924316
22 248 0.23080700635910034
22 250 0.16907209157943726
22 270 0.3800840377807617
22 282 0.4024302065372467
22 287 0.100778728723526
22 288 0.264069139957428
22 289 0.4496890902519226
23 21 0.2646467685699463
23 22 0.10864878445863724
23 28 0.1736268699169159
23 29 0.2370966523885727
23 30 0.19124889373779297
23 33 1.0
23 34 0.18210077285766602
23 37 0.1489786058664322
23 93 0.14265590906143188
23 139 0.20001471042633057
23 219 0.14139465987682343
23 220 0.1390148401260376
23 222 0.16296042501926422
23 223 0.1753159463405609
23 224 0.09709910303354263
23 226 0.11089903861284256
23 235 0.08984212577342987
23 236 0.9788023829460144
23 242 1.0
23 244 0.2567521333694458
23 245 0.3564634323120117
23 246 0.21442195773124695
23 250 1.0
23 251 0.5445291996002197
23 282 0.4488189220428467
23 288 0.7748550772666931
23 289 0.15592308342456818
23 2895 0.3905071020126343
24 12 0.05077214166522026
24 25 0.32959550619125366
24 26 0.4739186465740204
24 28 0.28951752185821533
24 30 0.5304854512214661
24 31 0.14528359472751617
24 32 0.132234126329422
24 33 0.3583037853240967
24 34 0.09834325313568115
24 35 0.31891804933547974
24 37 0.07861808687448502
24 39 0.09122961014509201
24 93 0.06588144600391388
24 238 0.24115635454654694
24 288 0.06433527916669846
24 315 0.9999999403953552
25 22 0.5898151993751526
25 24 0.32959550619125366
25 26 0.23680312931537628
25 28 0.25345996022224426
25 31 0.4076465368270874
25 35 0.2633363902568817
25 38 0.37857720255851746
25 39 0.196391761302948
25 91 0.3201882243156433
25 92 0.17819252610206604
25 93 0.23465046286582947
25 94 1.0
25 226 1.0
25 239 0.3062427341938019
25 246 0.4783962666988373
25 248 0.21589072048664093
25 250 0.6777700185775757
25 270 0.0427674800157547
25 287 0.8614833354949951
25 289 0.21717381477355957
25 785 0.08035576343536377
26 20 0.14999018609523773
26 24 0.4739186465740204
26 25 0.23680312931537628
26 28 0.8531227111816406
26 29 0.08032403886318207
26 30 0.13239388167858124
26 31 0.05160063877701759
26 32 1.0
26 33 0.21763841807842255
26 34 0.24569448828697205
26 35 0.497896671295166
26 36 0.19492018222808838
26 37 0.15975341200828552
26 39 1.0
26 226 0.09905463457107544
26 239 0.6308907270431519
26 251 0.02371201664209366
26 265 0.11867085844278336
26 287 0.14849446713924408
27 28 0.04274597018957138
27 29 1.0
27 32 0.13831236958503723
27 33 0.08170928061008453
27 34 0.3250397741794586
27 35 0.030763203278183937
27 36 0.9408214092254639
27 37 0.8410501480102539
27 220 0.3216100335121155
27 222 0.07014524936676025
27 223 0.25323501229286194
27 224 0.4150417149066925
27 251 0.04085675626993179
27 288 0.26026779413223267
28 20 0.18210655450820923
28 23 0.1736268699169159
28 24 0.28951752185821533
28 25 0.25345996022224426
28 26 0.8531227111816406
28 27 0.04274597018957138
28 29 0.7497748732566833
28 30 0.3003423810005188
28 31 0.3950214684009552
28 32 0.6375488638877869
28 33 1.0
28 34 0.5118187665939331
28 35 1.0
28 36 0.12108954042196274
28 37 0.3369869589805603
28 39 0.14734691381454468
28 226 0.1134544387459755
28 237 0.2086372971534729
28 239 0.5884325504302979
28 246 0.19228091835975647
28 250 0.06944059580564499
28 251 0.14807046949863434
28 281 0.05192238837480545
28 287 0.3255043625831604
28 288 0.04987460374832153
28 785 0.061106257140636444
29 20 0.23707585036754608
29 21 0.22993136942386627
29 23 0.2370966523885727
29 26 0.08032403886318207
29 27 1.0
29 28 0.7497748732566833
29 30 0.12170428037643433
29 31 0.1563781350851059
29 32 1.0
29 33 0.6044884920120239
29 34 1.0
29 35 0.5556814670562744
29 36 0.4135797321796417
29 37 0.963092565536499
29 93 0.0637732520699501
29 130 0.09005121141672134
29 144 0.17297443747520447
29 220 0.16539187729358673
29 222 0.1741858869791031
29 223 0.24513235688209534
29 224 0.2541157901287079
29 236 0.10800409317016602
29 239 0.046508532017469406
29 242 0.09021539241075516
29 244 0.12937819957733154
29 246 0.11191463470458984
29 251 0.38419201970100403
29 281 0.6324509978294373
29 288 0.9999999403953552
30 19 1.0
30 23 0.19124889373779297
30 24 0.5304854512214661
30 26 0.13239388167858124
30 28 0.3003423810005188
30 29 0.12170428037643433
30 33 0.3864896595478058
30 34 0.22468142211437225
30 35 0.27457159757614136
30 37 0.18477194011211395
30 137 0.3353049159049988
30 238 0.238762766122818
30 283 0.29241475462913513
30 785 0.8732831478118896
30 934 0.5855960249900818
31 22 0.1939934343099594
31 24 0.14528359472751617
31 25 0.4076465368270874
31 26 0.05160063877701759
31 28 0.3950214684009552
31 29 0.1563781350851059
31 32 0.2789800465106964
31 33 0.23012398183345795
31 34 0.21790757775306702
31 35 1.0
31 37 0.1650402545928955
31 39 0.177474707365036
31 239 0.264901340007782
31 244 0.30531758069992065
31 250 0.14532025158405304
31 251 0.15428003668785095
31 287 1.0
31 289 0.4834969937801361
31 785 0.07842838019132614
32 20 0.2860855758190155
32 24 0.132234126329422
32 26 1.0
32 27 0.13831236958503723
32 28 0.6375488638877869
32 29 1.0
32 31 0.2789800465106964
32 33 0.10262394696474075
32 34 0.8834782242774963
32 35 0.9670377373695374
32 36 0.5023686289787292
32 37 0.445720374584198
32 39 0.1167834997177124
32 93 0.0013594577321782708
32 239 0.07150477916002274
32 251 0.003554712515324354
32 281 0.0424230583012104
32 286 0.10461630672216415
32 287 0.10503465682268143
32 288 0.002635391429066658
33 20 0.09760688245296478
33 21 0.14916299283504486
33 23 1.0
33 24 0.3583037853240967
33 26 0.21763841807842255
33 27 0.08170928061008453
33 28 1.0
33 29 0.6044884920120239
33 30 0.3864896595478058
33 31 0.23012398183345795
33 32 0.10262394696474075
33 34 0.7655869722366333
33 35 0.5770007371902466
33 36 0.17171666026115417
33 37 0.4215783476829529
33 222 0.06099969148635864
33 223 0.2337479293346405
33 224 0.10822535306215286
33 237 0.31247860193252563
33 238 0.18075385689735413
33 242 0.09735126048326492
33 246 0.15321287512779236
33 250 0.13785076141357422
33 251 0.6356803178787231
33 287 0.08846978843212128
33 288 0.6125850081443787
34 20 0.37899139523506165
34 21 0.16587388515472412
34 23 0.18210077285766602
34 24 0.09834325313568115
34 26 0.24569448828697205
34 27 0.3250397741794586
34 28 0.5118187665939331
34 29 1.0
34 30 0.22468142211437225
34 31 0.21790757775306702
34 32 0.8834782242774963
34 33 0.7655869722366333
34 35 0.6958699226379395
34 36 0.7581617832183838
34 37 1.0
34 130 0.06050187721848488
34 223 0.2590481638908386
34 224 0.309048593044281
34 236 0.05886414647102356
34 237 0.12965865433216095
34 239 0.050076745450496674
34 251 1.0
34 269 0.045895323157310486
34 281 0.14371715486049652
34 288 0.33248236775398254
35 20 0.14642460644245148
35 22 0.1346854269504547
35 24 0.31891804933547974
35 25 0.2633363902568817
35 26 0.497896671295166
35 27 0.030763203278183937
35 28 1.0
35 29 0.5556814670562744
35 30 0.27457159757614136
35 31 1.0
35 32 0.9670377373695374
35 33 0.5770007371902466
35 34 0.6958699226379395
35 36 0.20126327872276306
35 37 0.23342174291610718
35 39 0.17802172899246216
35 239 0.3209865689277649
35 244 0.13017906248569489
35 251 0.25868648290634155
35 281 0.04827322065830231
35 287 0.30453357100486755
35 288 0.17424093186855316
35 289 0.18697063624858856
36 26 0.19492018222808838
36 27 0.9408214092254639
36 28 0.12108954042196274
36 29 0.4135797321796417
36 32 0.5023686289787292
36 33 0.17171666026115417
36 34 0.7581617832183838
36 35 0.20126327872276306
36 37 1.0
36 220 0.2788597047328949
36 222 0.13455012440681458
36 223 0.11165017634630203
36 224 0.2813345789909363
36 251 0.29325395822525024
36 288 0.0969863086938858
37 20 0.13517510890960693
37 21 0.1680523008108139
37 23 0.1489786058664322
37 24 0.07861808687448502
37 26 0.15975341200828552
37 27 0.8410501480102539
37 28 0.3369869589805603
37 29 0.963092565536499
37 30 0.18477194011211395
37 31 0.1650402545928955
37 32 0.445720374584198
37 33 0.4215783476829529
37 34 1.0
37 35 0.23342174291610718
37 36 1.0
37 93 0.0737333670258522
37 130 0.08557538688182831
37 138 0.10024340450763702
37 143 0.04703829437494278
37 144 0.18361631035804749
37 218 0.13500556349754333
37 220 0.35195115208625793
37 222 0.26219797134399414
37 223 0.46007877588272095
37 224 0.8729733228683472
37 236 0.22041089832782745
37 237 0.26851576566696167
37 244 0.10950935631990433
37 251 0.7137643098831177
37 269 0.04974791407585144
37 281 0.10255186259746552
37 282 0.14266586303710938
37 284 0.04637975990772247
37 288 0.48041054606437683
37 289 0.14133775234222412
38 22 0.6683865785598755
38 25 0.37857720255851746
38 39 0.6329324841499329
38 40 0.2615489661693573
38 41 0.14790555834770203
38 42 0.9999999403953552
38 43 0.10867694765329361
38 44 0.07687164098024368
38 88 0.16879883408546448
38 90 0.39233508706092834
38 91 0.3669068217277527
38 93 0.2162959724664688
38 94 0.3550068438053131
38 96 0.10517603904008865
38 226 0.15356174111366272
38 235 0.2848847210407257
38 239 0.05951300635933876
38 250 0.10133802890777588
38 270 0.2592425048351288
38 273 0.09665916115045547
38 289 0.31108608841896057
38 785 0.06553293019533157
39 24 0.09122961014509201
39 25 0.196391761302948
39 26 1.0
39 28 0.14734691381454468
39 31 0.177474707365036
39 32 0.1167834997177124
39 35 0.17802172899246216
39 38 0.6329324841499329
39 40 0.47639137506484985
39 41 0.5209475755691528
39 42 0.5236227512359619
39 43 0.08032729476690292
39 82 0.1252140998840332
39 88 0.1357325166463852
39 92 0.11673294007778168
39 265 0.961186945438385
40 20 0.06551200896501541
40 38 0.2615489661693573
40 39 0.47639137506484985
40 41 0.6301709413528442
40 42 1.0
40 43 1.0
40 44 0.9460052251815796
40 45 0.23955495655536652
40 46 0.20828436315059662
40 47 0.291759192943573
40 54 0.22955557703971863
40 235 0.06597830355167389
40 265 1.0
40 273 0.3961261510848999
41 38 0.14790555834770203
41 39 0.5209475755691528
41 40 0.6301709413528442
41 42 1.0
41 43 0.483486145734787
41 44 0.22425377368927002
41 75 0.12988534569740295
41 76 0.1313496232032776
41 78 0.13882441818714142
41 80 0.18766239285469055
41 82 0.26145797967910767
41 88 0.13182221353054047
41 265 0.9590487480163574
41 273 0.36731046438217163
42 38 0.9999999403953552
42 39 0.5236227512359619
42 40 1.0
42 41 1.0
42 43 0.7974058389663696
42 44 0.7963643670082092
42 45 0.07781361043453217
42 54 0.14062121510505676
42 75 0.13222168385982513
42 77 0.11051107197999954
42 78 0.15035714209079742
42 81 0.09460947662591934
42 82 0.14975887537002563
42 88 0.12025371938943863
42 265 0.31464606523513794
42 273 0.47798436880111694
43 38 0.10867694765329361
43 39 0.08032729476690292
43 40 1.0
43 41 0.483486145734787
43 42 0.7974058389663696
43 44 0.9999999403953552
43 45 0.4469243288040161
43 47 0.39829516410827637
43 54 0.2625831365585327
43 75 0.08651687204837799
43 82 0.07274925708770752
43 235 0.17588181793689728
43 265 0.16223277151584625
43 269 0.1873207837343216
43 273 1.0
44 10 0.244021475315094
44 38 0.07687164098024368
44 40 0.9460052251815796
44 41 0.22425377368927002
44 42 0.7963643670082092
44 43 0.9999999403953552
44 45 0.6962760090827942
44 47 0.4561106264591217
44 54 0.5957239270210266
44 57 0.05286680907011032
44 58 0.05235908553004265
44 75 0.04494813457131386
44 265 0.13335447013378143
44 269 0.14115174114704132
44 273 0.4338231086730957
45 10 0.07415584474802017
45 40 0.23955495655536652
45 42 0.07781361043453217
45 43 0.4469243288040161
45 44 0.6962760090827942
45 47 1.0
45 48 0.5049270987510681
45 49 0.06973151862621307
45 54 0.9149209260940552
45 57 0.4144935607910156
45 58 0.24444982409477234
45 63 0.0933103933930397
45 159 0.0598665215075016
45 265 0.07227081805467606
45 273 0.4326133728027344
46 40 0.20828436315059662
46 47 0.34490951895713806
46 48 0.47190725803375244
46 49 0.468910813331604
46 58 0.1704597920179367
46 150 0.22792194783687592
46 154 0.17544317245483398
46 156 0.1537100225687027
46 158 0.18943338096141815
46 159 1.0
46 160 0.04598525911569595
46 163 0.22364288568496704
46 164 0.1898804008960724
46 166 0.5544759035110474
46 265 0.009894859977066517
46 269 0.25846201181411743
46 858 0.2531690001487732
47 10 0.10387276113033295
47 40 0.291759192943573
47 43 0.39829516410827637
47 44 0.4561106264591217
47 45 1.0
47 46 0.34490951895713806
47 48 0.7763748168945312
47 49 0.20884504914283752
47 54 1.0
47 57 0.3001102805137634
47 59 0.10341467708349228
47 159 0.10762035101652145
47 166 0.10682287067174911
47 169 0.08948155492544174
47 195 0.16777487099170685
47 265 0.10841085761785507
47 273 0.30056607723236084
47 858 0.19278383255004883
48 10 0.16287975013256073
48 45 0.5049270987510681
48 46 0.47190725803375244
48 47 0.7763748168945312
48 49 0.9999999403953552
48 50 0.08841783553361893
48 51 0.07902194559574127
48 54 0.10464232414960861
48 56 0.10279371589422226
48 58 0.16134367883205414
48 159 0.2607676088809967
48 166 0.47676604986190796
48 176 0.07194966822862625
48 197 0.10015680640935898
48 198 0.1456383764743805
48 265 0.015417005866765976
48 858 0.24572986364364624
49 10 0.36064743995666504
49 45 0.06973151862621307
49 46 0.468910813331604
49 47 0.20884504914283752
49 48 0.9999999403953552
49 51 0.21325533092021942
49 53 0.11397120356559753
49 67 0.11489037424325943
49 69 0.0893150046467781
49 150 0.08744364976882935
49 159 0.06363314390182495
49 166 1.0
49 172 0.0674121081829071
49 173 0.058004580438137054
49 176 0.08568505942821503
49 185 0.06313470005989075
49 188 0.16979534924030304
49 198 1.0
49 221 0.08878526836633682
50 48 0.08841783553361893
50 52 0.6162831783294678
50 56 0.12044636905193329
50 58 0.21344876289367676
50 67 0.20904485881328583
50 153 0.2097736895084381
50 155 0.3285267651081085
50 156 0.9999999403953552
50 158 0.14054670929908752
50 159 0.07497171312570572
50 160 0.5815081596374512
50 162 0.5801382660865784
50 163 0.4027724266052246
50 164 0.28224050998687744
50 173 0.2964656352996826
50 221 0.9999999403953552
50 858 0.13233236968517303
51 7 0.41890957951545715
51 48 0.07902194559574127
51 49 0.21325533092021942
51 53 0.7153682112693787
51 55 1.0
51 68 0.6889078617095947
51 69 0.14558660984039307
51 71 0.22781158983707428
51 173 0.12962237000465393
51 176 0.12729321420192719
51 181 0.47310924530029297
51 185 0.9999999403953552
51 188 0.23049546778202057
51 198 0.27287352085113525
51 221 0.08154650777578354
51 259 0.06315703690052032
51 261 0.33047497272491455
51 267 0.5685353875160217
51 272 0.6260260939598083
51 701 0.19077038764953613
52 50 0.6162831783294678
52 69 0.04371891915798187
52 150 0.0874972939491272
52 153 0.906937301158905
52 154 0.05601439252495766
52 155 0.052384283393621445
52 156 0.057266008108854294
52 158 0.5676836967468262
52 164 0.030271045863628387
52 172 0.04865027964115143
52 173 1.0
52 176 0.059329502284526825
52 186 0.06059170886874199
52 221 0.5208755731582642
53 7 0.16653268039226532
53 9 0.12117035686969757
53 49 0.11397120356559753
53 51 0.7153682112693787
53 55 0.7679447531700134
53 68 0.15014095604419708
53 71 0.11433446407318115
53 75 0.10062018036842346
53 116 0.10185974091291428
53 173 0.11934281885623932
53 181 0.20608234405517578
53 185 0.5260123014450073
53 267 1.0
53 272 0.46811923384666443
54 10 0.13573598861694336
54 40 0.22955557703971863
54 42 0.14062121510505676
54 43 0.2625831365585327
54 44 0.5957239270210266
54 45 0.9149209260940552
54 47 1.0
54 48 0.10464232414960861
54 57 0.9277744293212891
54 58 0.49347811937332153
54 59 0.2691043019294739
54 61 0.2599828839302063
54 62 0.05369521677494049
54 63 0.38347190618515015
54 66 0.2539546489715576
54 169 0.11426807940006256
54 197 0.01759938709437847
54 214 0.17049232125282288
54 265 0.03233104199171066
54 273 0.33531707525253296
55 7 0.6061685681343079
55 9 0.10512416809797287
55 51 1.0
55 53 0.7679447531700134
55 68 1.0
55 69 0.28916263580322266
55 70 0.10919363796710968
55 71 0.4550206959247589
55 176 0.10277484357357025
55 178 0.20863328874111176
55 180 0.1279420256614685
55 181 0.39798393845558167
55 185 0.8862026929855347
55 188 0.2443118691444397
55 192 0.12540309131145477
55 198 0.27435430884361267
55 199 0.07801499962806702
55 259 0.09877406805753708
55 261 0.38821303844451904
55 267 0.5878207087516785
55 272 1.0
55 701 0.30032023787498474
56 48 0.10279371589422226
56 50 0.12044636905193329
56 67 0.09803038090467453
56 68 0.24500267207622528
56 70 0.10402659326791763
56 161 0.21556031703948975
56 176 0.12564502656459808
56 179 0.6196881532669067
56 187 0.47925442457199097
56 698 1.0
56 701 0.10507462918758392
56 723 0.2643923759460449
56 921 0.1488485187292099
56 1125 0.2781231701374054
57 0 0.11851734668016434
57 2 0.22233988344669342
57 44 0.05286680907011032
57 45 0.4144935607910156
57 47 0.3001102805137634
57 54 0.9277744293212891
57 58 0.21875709295272827
57 59 0.8562102913856506
57 60 0.19410480558872223
57 61 0.7818522453308105
57 62 0.23082603514194489
57 63 1.0
57 64 0.26780471205711365
57 66 0.0851048082113266
57 146 0.2578827738761902
57 149 0.18025124073028564
57 197 0.20365671813488007
57 204 0.257129967212677
57 210 0.16464614868164062
57 212 0.25188568234443665
57 214 0.4344863295555115
58 44 0.05235908553004265
58 45 0.24444982409477234
58 46 0.1704597920179367
58 48 0.16134367883205414
58 50 0.21344876289367676
58 54 0.49347811937332153
58 57 0.21875709295272827
58 59 0.00286214891821146
58 62 0.2617654502391815
58 63 0.0258500874042511
58 66 0.5016328692436218
58 67 0.3968266546726227
58 156 0.17309820652008057
58 158 0.1337071806192398
58 159 0.11775068938732147
58 160 0.3645884096622467
58 162 0.39981743693351746
58 163 0.9999999403953552
58 164 0.43253353238105774
58 197 0.01687515340745449
58 221 0.07082933932542801
58 273 0.15763764083385468
59 2 0.11858585476875305
59 47 0.10341467708349228
59 54 0.2691043019294739
59 57 0.8562102913856506
59 58 0.00286214891821146
59 60 0.19386538863182068
59 61 1.0
59 62 0.7483034729957581
59 63 1.0
59 64 1.0
59 65 0.18190622329711914
59 66 0.2686549425125122
59 197 0.7349556684494019
59 212 0.121344193816185
59 214 0.4182664155960083
60 0 0.18011021614074707
60 2 0.34690678119659424
60 57 0.19410480558872223
60 59 0.19386538863182068
60 61 0.4944732189178467
60 62 0.8858880996704102
60 63 0.8324956297874451
60 64 1.0
60 65 0.15515753626823425
60 66 0.32860255241394043
60 197 0.026007793843746185
60 202 0.1457093507051468
60 211 0.1296810656785965
60 212 0.5335760712623596
60 213 0.2447172999382019
60 214 0.1561523675918579
61 0 0.14164377748966217
61 2 0.06455710530281067
61 54 0.2599828839302063
61 57 0.7818522453308105
61 59 1.0
61 60 0.4944732189178467
61 62 0.09608454257249832
61 63 0.7486835718154907
61 64 0.5858141183853149
61 65 0.13124975562095642
61 66 0.08707977831363678
61 141 0.1201116293668747
61 197 0.06424696743488312
61 204 0.1701292246580124
61 208 0.10040510445833206
61 210 0.2143116146326065
61 212 0.13839764893054962
61 213 0.1580738127231598
61 214 0.9999999403953552
62 2 0.7748751640319824
62 54 0.05369521677494049
62 57 0.23082603514194489
62 58 0.2617654502391815
62 59 0.7483034729957581
62 60 0.8858880996704102
62 61 0.09608454257249832
62 63 0.8652074337005615
62 64 0.5111249685287476
62 65 0.14291955530643463
62 66 1.0
62 67 0.017790980637073517
62 197 0.6500852108001709
62 212 0.24322079122066498
63 0 0.1933472454547882
63 2 0.5194910764694214
63 45 0.0933103933930397
63 54 0.38347190618515015
63 57 1.0
63 58 0.0258500874042511
63 59 1.0
63 60 0.8324956297874451
63 61 0.7486835718154907
63 62 0.8652074337005615
63 64 0.5800014734268188
63 65 0.19443517923355103
63 66 0.45813044905662537
63 197 0.46291300654411316
63 204 0.11534598469734192
63 212 1.0
63 213 0.05854367837309837
63 214 0.40651294589042664
64 2 0.03375779837369919
64 57 0.26780471205711365
64 59 1.0
64 60 1.0
64 61 0.5858141183853149
64 62 0.5111249685287476
64 63 0.5800014734268188
64 65 0.5904467701911926
64 66 0.41098466515541077
64 197 0.28797072172164917
64 202 0.26365169882774353
64 210 0.2410314828157425
64 212 0.4967065453529358
64 213 0.22659361362457275
64 214 0.6695761680603027
65 2 0.29861536622047424
65 59 0.18190622329711914
65 60 0.15515753626823425
65 61 0.13124975562095642
65 62 0.14291955530643463
65 63 0.19443517923355103
65 64 0.5904467701911926
65 66 1.0
65 70 0.12364383786916733
65 71 0.17168188095092773
65 197 1.0
65 202 0.47021883726119995
65 210 0.3040652573108673
65 211 0.07584381103515625
65 212 0.264673113822937
65 213 0.956721305847168
65 214 0.17025956511497498
66 2 0.2992897927761078
66 54 0.2539546489715576
66 57 0.0851048082113266
66 58 0.5016328692436218
66 59 0.2686549425125122
66 60 0.32860255241394043
66 61 0.08707977831363678
66 62 1.0
66 63 0.45813044905662537
66 64 0.41098466515541077
66 65 1.0
66 67 0.7182632088661194
66 69 0.24291875958442688
66 70 0.36224913597106934
66 71 0.1604391485452652
66 197 0.9684931635856628
66 212 0.14558248221874237
66 213 0.07683014124631882
66 214 0.10553941130638123
67 49 0.11489037424325943
67 50 0.20904485881328583
67 56 0.09803038090467453
67 58 0.3968266546726227
67 62 0.017790980637073517
67 66 0.7182632088661194
67 68 0.03308320418000221
67 69 1.0
67 70 0.6351548433303833
67 71 0.3228362798690796
67 146 0.10900525748729706
67 153 0.18598908185958862
67 163 0.08992276340723038
67 172 0.22201009094715118
67 173 0.4181840419769287
67 176 0.13863250613212585
67 192 0.47114837169647217
67 197 0.25025781989097595
67 221 0.5461917519569397
67 273 0.08928284049034119
68 51 0.6889078617095947
68 53 0.15014095604419708
68 55 1.0
68 56 0.24500267207622528
68 67 0.03308320418000221
68 69 0.19293856620788574
68 70 0.39097216725349426
68 71 0.3896278440952301
68 173 0.7834619283676147
68 176 0.04838503524661064
68 180 0.08534847944974899
68 181 0.3772866129875183
68 185 0.02834758721292019
68 221 0.31494179368019104
68 261 0.8050686717033386
68 267 0.27260738611221313
68 701 0.49079468846321106
69 49 0.0893150046467781
69 51 0.14558660984039307
69 52 0.04371891915798187
69 55 0.28916263580322266
69 66 0.24291875958442688
69 67 1.0
69 68 0.19293856620788574
69 70 0.2194286286830902
69 71 1.0
69 153 0.17318446934223175
69 172 0.19703613221645355
69 173 0.45370733737945557
69 176 0.22117461264133453
69 180 0.1976865828037262
69 181 0.2199787199497223
69 185 0.05909295380115509
69 186 0.5030398964881897
69 192 0.629491925239563
69 198 0.30222809314727783
69 221 0.5244988203048706
69 261 0.13191473484039307
69 267 0.13250339031219482
70 7 0.16054874658584595
70 55 0.10919363796710968
70 56 0.10402659326791763
70 65 0.12364383786916733
70 66 0.36224913597106934
70 67 0.6351548433303833
70 68 0.39097216725349426
70 69 0.2194286286830902
70 71 0.6819709539413452
70 72 1.0
70 75 0.1585744321346283
70 76 0.14257538318634033
70 192 0.12146564573049545
70 201 0.18489688634872437
70 221 0.23087069392204285
70 261 0.11981797218322754
70 275 0.16333478689193726
70 701 0.2320120483636856
71 7 0.056939657777547836
71 9 0.048853907734155655
71 51 0.22781158983707428
71 53 0.11433446407318115
71 55 0.4550206959247589
71 65 0.17168188095092773
71 66 0.1604391485452652
71 67 0.3228362798690796
71 68 0.3896278440952301
71 69 1.0
71 70 0.6819709539413452
71 72 0.9226515293121338
71 75 0.33479148149490356
71 79 0.13777539134025574
71 87 0.06284480541944504
71 192 0.9120038747787476
71 200 0.12365645170211792
71 201 0.1062297523021698
71 255 0.14240431785583496
71 261 0.1213686466217041
71 267 0.15970513224601746
71 275 0.16233985126018524
72 70 1.0
72 71 0.9226515293121338
72 73 0.14971178770065308
72 74 0.36873120069503784
72 75 1.0
72 76 0.3681912124156952
72 77 0.03729217126965523
72 78 0.19488169252872467
72 79 0.17605078220367432
72 80 0.05838945135474205
72 81 0.1299956738948822
72 83 0.07268202304840088
72 86 0.05663026124238968
72 87 0.979110836982727
72 201 0.13717058300971985
72 275 0.1819688081741333
73 72 0.14971178770065308
73 74 0.8261210918426514
73 75 0.551499605178833
73 76 0.12224340438842773
73 77 1.0
73 78 0.11991287767887115
73 80 0.07896386086940765
73 81 0.21126443147659302
73 86 0.08360431343317032
73 87 0.2507716119289398
73 88 0.2144855260848999
73 91 0.14917254447937012
73 94 0.25029703974723816
73 240 0.11519908159971237
74 72 0.36873120069503784
74 73 0.8261210918426514
74 75 0.8843414783477783
74 76 0.5801764726638794
74 77 1.0
74 78 0.4969237446784973
74 79 0.1365491896867752
74 80 0.45669686794281006
74 81 1.0
74 82 0.07556271553039551
74 85 0.04358800873160362
74 86 0.26446378231048584
74 87 0.1767856478691101
74 88 0.08249922096729279
74 89 0.28379327058792114
74 240 0.4661727845668793
75 41 0.12988534569740295
75 42 0.13222168385982513
75 43 0.08651687204837799
75 44 0.04494813457131386
75 53 0.10062018036842346
75 70 0.1585744321346283
75 71 0.33479148149490356
75 72 1.0
75 73 0.551499605178833
75 74 0.8843414783477783
75 76 0.8539059162139893
75 77 0.1627223789691925
75 78 1.0
75 79 0.9999999403953552
75 80 0.37370964884757996
75 81 0.828118085861206
75 82 0.4148600101470947
75 83 0.7767338156700134
75 84 0.12165696173906326
75 85 0.14045047760009766
75 86 0.24978865683078766
75 87 1.0
75 88 0.11544276773929596
75 95 0.17178508639335632
75 233 0.1695270538330078
75 240 0.5010532140731812
75 255 0.1545502245426178
75 267 0.1618458330631256
75 268 0.20193466544151306
76 41 0.1313496232032776
76 70 0.14257538318634033
76 72 0.3681912124156952
76 73 0.12224340438842773
76 74 0.5801764726638794
76 75 0.8539059162139893
76 77 0.3003263473510742
76 78 0.7343026995658875
76 79 0.05103880912065506
76 80 0.49092918634414673
76 81 1.0
76 82 0.6032314300537109
76 83 0.12194699048995972
76 86 0.05896991863846779
76 87 0.4304283857345581
76 89 0.11893364042043686
76 240 0.5138906240463257
76 268 0.16959361732006073
76 275 0.19255830347537994
76 2887 0.07519164681434631
77 42 0.11051107197999954
77 72 0.03729217126965523
77 73 1.0
77 74 1.0
77 75 0.1627223789691925
77 76 0.3003263473510742
77 78 0.4882226586341858
77 80 0.39132073521614075
77 81 0.9808104038238525
77 82 0.28103920817375183
77 85 0.03896098956465721
77 86 0.5274792313575745
77 87 0.04274681583046913
77 88 0.5069493055343628
77 89 0.43918588757514954
77 91 0.45859789848327637
77 92 0.3750728666782379
77 94 0.21541979908943176
77 240 0.4719127118587494
77 268 0.4717044532299042
78 41 0.13882441818714142
78 42 0.15035714209079742
78 72 0.19488169252872467
78 73 0.11991287767887115
78 74 0.4969237446784973
78 75 1.0
78 76 0.7343026995658875
78 77 0.4882226586341858
78 79 0.40700089931488037
78 80 0.4522341787815094
78 81 0.8167142868041992
78 82 1.0
78 83 0.5764142274856567
78 84 0.09942534565925598
78 85 0.5578520894050598
78 86 0.1371593326330185
78 87 0.3084855377674103
78 88 0.047476932406425476
78 89 0.4379575252532959
78 95 0.1323520988225937
78 233 0.16307316720485687
78 240 0.4318469166755676
78 241 0.06538865715265274
78 255 0.170965313911438
78 260 0.12901408970355988
78 268 0.41889700293540955
78 2887 0.05987648665904999
79 71 0.13777539134025574
79 72 0.17605078220367432
79 74 0.1365491896867752
79 75 0.9999999403953552
79 76 0.05103880912065506
79 78 0.40700089931488037
79 81 0.09305034577846527
79 83 1.0
79 84 0.7021282911300659
79 85 0.6938844919204712
79 86 0.7449814081192017
79 87 0.16971224546432495
79 88 0.04789016768336296
79 95 0.6623079180717468
79 96 0.04408681020140648
79 240 0.06822733581066132
79 241 0.2722225487232208
79 255 0.23220625519752502
79 260 0.17735333740711212
79 268 0.17071224749088287
80 41 0.18766239285469055
80 72 0.05838945135474205
80 73 0.07896386086940765
80 74 0.45669686794281006
80 75 0.37370964884757996
80 76 0.49092918634414673
80 77 0.39132073521614075
80 78 0.4522341787815094
80 81 1.0
80 82 0.357550710439682
80 83 0.0805770754814148
80 84 0.03194955363869667
80 85 0.07866203039884567
80 86 0.055377304553985596
80 88 0.13753223419189453
80 89 0.6832259297370911
80 233 0.22380314767360687
80 240 0.38783395290374756
80 268 0.16678975522518158
81 42 0.09460947662591934
81 72 0.1299956738948822
81 73 0.21126443147659302
81 74 1.0
81 75 0.828118085861206
81 76 1.0
81 77 0.9808104038238525
81 78 0.8167142868041992
81 79 0.09305034577846527
81 80 1.0
81 82 0.5406481027603149
81 83 0.21364344656467438
81 85 0.010438797995448112
81 86 0.17281506955623627
